    0.0000	    51.1600	     0.0000	     0.0000	   254.7766	   254.7766	   401.1000	   401.1000	   391.2600	   379.3200	     3.9980	     1.9000	   790.3800
    4.8200	    51.1600	     0.0000	     0.0000	   345.6673	   345.6673	   408.0300	   408.0300	   395.2000	   379.0000	     3.9980	     1.9000	   790.3800
    9.6500	    51.1600	     0.0000	     0.0000	   415.9007	   415.9007	   413.2400	   413.2400	   398.1000	   378.5900	     3.9980	     1.9000	   790.3800
   14.4700	    51.1600	     0.0000	     0.0000	   465.6960	   465.6960	   416.7600	   416.7600	   399.9700	   378.1100	     3.9980	     1.9000	   790.3800
   19.2900	    51.1600	     0.0000	     0.0000	   495.9537	   495.9537	   418.6700	   418.6700	   400.8900	   377.5900	     3.9980	     1.9000	   790.3800
   24.1100	    51.1600	     0.3323	   718.4765	   410.7026	  1129.1791	   467.8000	   467.8000	   429.8200	   376.7200	     3.9980	     1.9000	   790.3800
   28.9400	    51.1600	     0.3775	   814.4161	   388.6253	  1203.0414	   472.6200	   472.6200	   432.1200	   375.4500	     3.9980	     1.9000	   790.3800
   33.7600	    51.1600	     0.3836	   828.7915	   348.8825	  1177.6740	   469.4400	   469.4400	   429.7200	   374.1500	     3.9980	     1.9000	   790.3800
   38.5800	    51.1600	     0.4217	   909.8883	   318.9386	  1228.8268	   472.3400	   472.3400	   430.9200	   372.8300	     3.9980	     1.9000	   790.3900
   43.4100	    51.1600	     0.4968	  1067.0822	   300.4875	  1367.5696	   482.2000	   482.2000	   436.1700	   371.4000	     3.9980	     1.9000	   790.3900
   48.2300	    51.1600	     0.5402	  1157.5288	   291.8059	  1449.3347	   487.3800	   487.3800	   438.6200	   369.8400	     3.9980	     1.9000	   790.3900
   53.0500	    51.1600	     0.5566	  1192.0175	   288.9186	  1480.9361	   488.4500	   488.4500	   438.6400	   368.2100	     3.9980	     1.9000	   790.3900
   57.8800	    51.1600	     0.5615	  1202.7838	   288.2083	  1490.9921	   487.7500	   487.7500	   437.6100	   366.5500	     3.9980	     1.9000	   790.3900
   62.7000	    51.1600	     0.5629	  1206.6055	   288.0911	  1494.6966	   486.5500	   486.5500	   436.2600	   364.8700	     3.9980	     1.9000	   790.3900
   67.5200	    51.1600	     0.5637	  1208.9647	   288.2061	  1497.1708	   485.2200	   485.2200	   434.8500	   363.1800	     3.9980	     1.9000	   790.3900
   72.3400	    51.1600	     0.5643	  1211.0991	   288.3377	  1499.4369	   483.8600	   483.8600	   433.4100	   361.4800	     3.9980	     1.9000	   790.3900
   77.1700	    51.1600	     0.5649	  1213.2183	   288.2535	  1501.4718	   482.4800	   482.4800	   431.9400	   359.7600	     3.9980	     1.9000	   790.3900
   81.9400	    50.9900	     0.5694	  1223.4210	   286.7601	  1510.1811	   481.4100	   481.4100	   430.5900	   358.0500	     3.9980	     1.9100	   790.3900
   86.7100	    50.4600	     0.5811	  1248.5737	   286.3895	  1534.9631	   481.1900	   481.1900	   429.5500	   356.3100	     3.9980	     1.9300	   790.3900
   91.4800	    49.5700	     0.6011	  1291.1435	   288.1085	  1579.2520	   482.0100	   482.0100	   428.9000	   354.5200	     3.9980	     1.9700	   790.3900
   96.2600	    48.3000	     0.6315	  1355.4370	   286.7715	  1642.2085	   483.6800	   483.6800	   428.4900	   352.6800	     3.9980	     2.0200	   790.3900
  101.0300	    46.6300	     0.6749	  1446.4475	   287.1473	  1733.5948	   486.7800	   486.7800	   428.5700	   350.7400	     3.9980	     2.1000	   790.3900
  105.8000	    44.5300	     0.7361	  1574.1897	   285.3228	  1859.5125	   491.5000	   491.5000	   429.1100	   348.6900	     3.9980	     2.2100	   790.3900
  110.5700	    41.9400	     0.8226	  1753.1909	   284.7782	  2037.9692	   498.6800	   498.6800	   430.3900	   346.4800	     3.9980	     2.3600	   790.3900
  115.3500	    38.8000	     0.9492	  2012.7221	   282.6512	  2295.3734	   509.4700	   509.4700	   432.6500	   344.0600	     3.9980	     2.5700	   790.3900
  120.1200	    35.4600	     1.1169	  2352.8411	   277.4623	  2630.3034	   523.5100	   523.5100	   435.6000	   341.4400	     3.9980	     2.8400	   790.3900
  124.8900	    32.1200	     1.3308	  2779.9144	   272.6065	  3052.5209	   541.1200	   541.1200	   439.2000	   338.6800	     3.9980	     3.1700	   790.3900
  129.6600	    28.7700	     1.6067	  3321.2240	   263.9262	  3585.1502	   562.9000	   562.9000	   443.2900	   335.7400	     3.9990	     3.5900	   790.3900
  134.4300	    25.6900	     1.9341	  3951.5854	   243.9507	  4195.5361	   586.8700	   586.8700	   446.9600	   332.7400	     3.9990	     4.1000	   790.3900
  139.2100	    23.5700	     2.2001	  4457.4781	   216.8087	  4674.2868	   603.9200	   603.9200	   448.0800	   329.8500	     3.9990	     4.5300	   790.3900
  143.9800	    22.2900	     2.3559	  4756.4121	   185.5052	  4941.9172	   611.0900	   611.0900	   446.3300	   327.0600	     3.9990	     4.8400	   790.3900
  148.7500	    21.7500	     2.3727	  4800.3019	   154.1147	  4954.4166	   606.8500	   606.8500	   441.6800	   324.3600	     3.9990	     4.9800	   790.3900
  150.0000	    21.7300	     2.3531	  4767.6371	   148.0711	  4915.7082	   603.9200	   603.9200	   440.0300	   323.6600	     3.9990	     4.9900	   790.3900
  159.5400	    24.8900	     1.6111	  3389.5528	    53.3266	  3442.8794	   526.1000	   526.1000	   411.1900	   318.7200	     3.9990	     4.2500	   790.3900
  169.0900	    28.4900	     1.1685	  2515.5280	    33.2699	  2548.7979	   477.2000	   477.2000	   391.9200	   314.4100	     4.0000	     3.6300	   790.3900
  178.6300	    31.8700	     0.9073	  1981.8401	    24.4203	  2006.2604	   445.6400	   445.6400	   378.2800	   310.6900	     4.0000	     3.2000	   790.3900
  188.1800	    35.0300	     0.7317	  1615.2045	    19.2259	  1634.4304	   422.5100	   422.5100	   367.3900	   307.3900	     4.0000	     2.8800	   790.3900
  197.7200	    37.9400	     0.6093	  1355.5533	    15.9044	  1371.4578	   405.0500	   405.0500	   358.5500	   304.4100	     4.0000	     2.6300	   790.3900
  213.5000	    42.2200	     0.4767	  1070.6519	    12.1757	  1082.8276	   384.1700	   384.1700	   347.1000	   300.0000	     4.0000	     2.3400	   790.3900