0.0000 46.5200 0.0000 0.0000 101.5284 101.5284 358.5400 358.5400 356.1500 351.5100 3.9980 2.2000 790.3900
5.4600 46.5200 0.0000 0.0000 137.9363 137.9363 360.4300 360.4300 357.6800 351.3700 3.9980 2.2000 790.3900
10.9200 46.5200 0.0000 0.0000 166.1439 166.1439 361.8300 361.8300 358.8100 351.2100 3.9980 2.2000 790.3900
16.3700 46.5200 0.0000 0.0000 186.4074 186.4074 362.7600 362.7600 359.5400 351.0100 3.9980 2.2000 790.3900
21.8300 46.5200 0.0000 0.0000 198.4196 198.4196 363.2200 363.2200 359.8900 350.8000 3.9980 2.2000 790.3900
27.2900 46.5200 0.0000 0.0000 202.4684 202.4684 363.2200 363.2200 359.8500 350.5800 3.9980 2.2000 790.3900
32.7500 46.5200 0.0000 0.0000 202.4953 202.4953 363.0100 363.0100 359.6300 350.3600 3.9980 2.2000 790.3900
38.2100 46.5200 0.0000 0.0000 202.5260 202.5260 362.7900 362.7900 359.4100 350.1400 3.9980 2.2000 790.3900
43.6700 46.5200 0.0000 0.0000 202.5371 202.5371 362.5700 362.5700 359.1900 349.9100 3.9980 2.2000 790.3900
49.1200 46.5200 0.0000 0.0000 202.5597 202.5597 362.3500 362.3500 358.9700 349.6900 3.9980 2.2000 790.3900
54.5800 46.5200 0.0000 0.0000 202.5945 202.5945 362.1300 362.1300 358.7600 349.4700 3.9980 2.2000 790.3900
60.0400 46.5200 0.7268 1000.1013 150.9207 1151.0220 413.4800 413.4800 401.5400 348.7200 3.9980 2.2000 790.3900
65.5000 46.5200 0.7529 1035.5660 148.2778 1183.8439 414.1200 414.1200 401.8400 347.4200 3.9980 2.2000 790.3900
70.9600 46.5200 0.7888 1084.0932 141.0690 1225.1622 415.2100 415.2100 402.4900 346.0800 3.9980 2.2000 790.3900
76.4200 46.5200 0.8000 1100.1265 132.8674 1232.9939 414.4000 414.4000 401.5700 344.7100 3.9980 2.2000 790.3900
81.8700 46.5200 0.8004 1101.8934 126.4608 1228.3542 412.8800 412.8800 400.0700 343.3200 3.9980 2.2000 790.3900
87.3300 46.5200 0.7995 1101.8080 122.5496 1224.3576 411.3800 411.3800 398.5900 341.9400 3.9980 2.2000 790.3900
91.9200 46.3300 0.8391 1155.2349 119.2167 1274.4515 412.7900 412.7900 399.5100 340.7500 3.9980 2.2100 790.3900
96.5200 45.7200 0.8838 1215.6409 118.5195 1334.1605 414.0600 414.0600 400.2000 339.5100 3.9980 2.2400 790.3900
101.1100 44.7100 0.8962 1234.2904 117.9335 1352.2239 412.3200 412.3200 398.2600 338.2200 3.9990 2.3000 790.3900
105.7000 43.2500 0.9700 1334.2638 117.0674 1451.3311 414.0400 414.0400 399.0100 336.8800 3.9990 2.3800 790.3900
110.2900 41.3100 1.0344 1422.8566 116.7652 1539.6218 413.9700 413.9700 398.0600 335.4600 3.9990 2.5000 790.3900
114.8800 38.8200 1.1378 1564.0407 116.4888 1680.5295 414.9300 414.9300 397.6200 333.9200 3.9990 2.6800 790.3900
119.4800 35.7400 0.8939 1247.5721 116.2654 1363.8375 393.8800 393.8800 379.5200 332.5000 3.9990 2.9300 790.3900
124.0700 32.5300 1.6252 2215.1579 112.8668 2328.0247 426.5200 426.5200 402.8500 330.8800 3.9990 3.2500 790.3900
128.6600 29.3100 1.9649 2665.6189 109.8424 2775.4613 432.9600 432.9600 404.8700 328.8400 3.9990 3.6600 790.3900
133.2500 26.1800 2.4032 3241.6569 102.9914 3344.6482 440.6800 440.6800 406.9500 326.6800 3.9990 4.1600 790.3900
137.8400 23.8700 2.8252 3792.2120 92.7165 3884.9286 447.2700 447.2700 408.1900 324.5100 3.9990 4.6200 790.3900
142.4400 22.3900 3.1008 4154.8769 79.7714 4234.6483 449.6200 449.6200 407.0600 322.3800 3.9990 4.9800 790.3900
147.0300 21.6200 3.2238 4322.4559 65.8916 4388.3475 448.7500 448.7500 404.6500 320.3000 3.9990 5.1900 790.3900
150.0000 21.4800 3.2041 4304.3969 58.8941 4363.2910 446.1600 446.1600 402.3000 318.9600 3.9990 5.2300 790.3900
159.1800 24.5100 2.2415 3080.5071 20.5790 3101.0861 415.2300 415.2300 383.8100 315.1300 3.9990 4.6200 790.3900
168.3700 27.9800 1.6459 2295.3389 12.1785 2307.5174 394.9300 394.9300 371.2700 311.7700 4.0000 4.0700 790.3900
177.5500 31.2500 1.2839 1808.3594 8.5338 1816.8932 381.0500 381.0500 362.1600 308.8700 4.0000 3.6700 790.3900
186.7400 34.3000 1.0504 1489.9027 6.5103 1496.4130 371.0800 371.0800 355.2700 306.3000 4.0000 3.3500 790.3900
195.9200 37.1300 0.8932 1273.5815 5.2422 1278.8237 363.6500 363.6500 349.9200 303.9600 4.0000 3.1100 790.3900
212.8500 41.7500 0.7100 1019.5617 3.9278 1023.4895 353.6000 353.6000 342.2900 300.0000 4.0000 2.7800 790.3900
